122
102
125
119
85
127
101
93
100
111
95
95
108
117
117
141
106
121
109
110
123
97
107
122
86
131
117
99
118
108
99
123
122
81
122
92
133
121
109
101
98
94
95
105
112
112
134
110
96
101
96
97
109
91
111
83
95
105
118
113
102
159
118
96
121
106
107
97
116
95
123
102
106
119
101
127
104
109
91
114
105
131
93
129
95
100
113
103
131
94
99
125
107
134
109
118
120
119
100
118
94
89
102
106
113
112
120
121
106
104
129
108
112
124
101
106
86
113
121
119
122
106
97
100
119
80
135
115
117
138
108
100
109
106
121
108
112
113
113
120
106
113
122
122
88
85
97
108
102
125
123
114
99
119
97
133
93
114
94
114
108
115
127
103
112
93
106
109
102
106
137
119
105
97
117
102
103
94
125
102
121
101
114
99
131
121
100
101
105
115
96
115
108
110
99
112
88
114
104
116
107
104
132
135
91
94
100
97
89
103
95
104
129
124
103
118
97
116
130
104
101
92
109
119
100
116
106
119
111
86
104
109
90
120
137
103
113
104
109
108
88
114
125
102
100
96
117
118
114
100
114
104
110
101
116
102
91
98
108
121
102
113
140
114
119
90
107
110
90
119
101
104
103
105
104
97
120
103
103
97
116
111
96
109
115
113
114
98
107
96
110
125
109
94
79
117
88
113
127
127
118
121
133
105
97
91
127
114
130
93
99
107
114
121
116
113
129
119
139
111
93
101
95
100
103
127
91
104
136
84
104
94
109
112
102
122
105
104
135
110
108
125
110
88
93
119
101
105
109
104
110
107
121
92
87
116
117
96
112
113
102
127
115
112
93
124
115
118
122
99
113
130
109
110
83
127
106
124
103
121
102
106
111
122
108
102
115
130
85
101
89
105
100
133
113
107
111
120
106
111
102
102
120
108
102
99
98
112
108
110
107
122
104
109
112
111
104
105
122
107
105
93
118
114
108
117
100
103
102
114
112
119
108
123
115
134
139
106
107
93
89
112
128
118
125
115
121
95
104
145
113
102
113
104
118
109
104
111
112
102
94
98
110
105
115
117
104
97
112
112
96
110
113
98
81
98
116
94
107
141
100
109
112
128
120
98
115
104
112
95
101
105
123
115
81
122
109
97
105
104
113
97
101
122
93
104
107
109
124
76
102
84
111
109
123
112
106
85
122
108
112
113
140
121
109
111
121
111
114
123
111
118
117
132
111
118
121
99
115
89
113
94
123
128
110
104
98
115
101
111
112
114
87
129
112
122
89
122
107
108
104
107
115
98
102
92
101
123
113
116
121
94
92
129
127
100
109
105
108
125
91
111
122
121
127
86
102
105
104
92
117
95
101
117
112
114
99
110
118
110
102
124
103
116
106
100
106
104
130
86
117
127
119
121
123
132
134
95
114
89
111
109
115
121
112
133
117
123
136
90
116
122
95
124
106
101
102
115
100
122
117
106
106
112
126
113
98
107
107
120
88
124
110
106
120
95
95
95
129
100
110
105
112
121
129
124
128
133
116
125
109
118
98
122
131
113
111
103
129
107
121
118
113
91
110
110
133
109
108
97
112
129
115
92
109
133
107
126
92
104
125
114
96
109
131
133
106
115
127
120
112
120
115
107
117
104
100
124
105
118
121
111
127
111
127
106
92
102
131
107
95
100
90
129
107
123
109
108
102
112
139
112
125
123
97
106
82
109
105
120
110
99
102
108
100
88
118
127
103
121
98
111
103
125
101
117
121
107
118
107
115
101
91
97
114
111
116
95
124
118
115
125
117
102
112
135
111
106
114
133
109
87
106
126
126
111
123
120
113
100
103
114
117
114
105
105
112
91
111
114
104
115
111
106
101
120
133
123
126
124
103
104
125
135
122
113
106
101
127
101
113
105
128
112
115
107
112
105
98
120
112
116
81
117
103
115
104
119
112
137
115
112
123
131
97
80
108
124
98
109
118
112
101
94
106
130
129
112
109
102
114
106
100
108
116
125
118
99
104
118
86
104
113
119
103
115
117
113
113
88
111
113
115
93
130
111
118
100
122
124
126
123
130
127
89
107
116
104
129
139
109
116
123
107
126
112
114
100
118
112
113
108
123
104
114
120
125
121
112
120
126
108
132
104
99
96
117
103
99
111
102
101
114
123
107
120
112
105
131
100
112
126
84
129
118
138
95
101
115
114
111
109
120
103
105
104
131
106
136
109
97
